xof 0303txt 0032
template ColorRGBA {
 <35ff44e0-6c7c-11cf-8f52-0040333594a3>
 FLOAT red;
 FLOAT green;
 FLOAT blue;
 FLOAT alpha;
}

template ColorRGB {
 <d3e16e81-7835-11cf-8f52-0040333594a3>
 FLOAT red;
 FLOAT green;
 FLOAT blue;
}

template Material {
 <3d82ab4d-62da-11cf-ab39-0020af71e433>
 ColorRGBA faceColor;
 FLOAT power;
 ColorRGB specularColor;
 ColorRGB emissiveColor;
 [...]
}

template TextureFilename {
 <a42790e1-7810-11cf-8f52-0040333594a3>
 STRING filename;
}

template Frame {
 <3d82ab46-62da-11cf-ab39-0020af71e433>
 [...]
}

template Matrix4x4 {
 <f6f23f45-7686-11cf-8f52-0040333594a3>
 array FLOAT matrix[16];
}

template FrameTransformMatrix {
 <f6f23f41-7686-11cf-8f52-0040333594a3>
 Matrix4x4 frameMatrix;
}

template Vector {
 <3d82ab5e-62da-11cf-ab39-0020af71e433>
 FLOAT x;
 FLOAT y;
 FLOAT z;
}

template MeshFace {
 <3d82ab5f-62da-11cf-ab39-0020af71e433>
 DWORD nFaceVertexIndices;
 array DWORD faceVertexIndices[nFaceVertexIndices];
}

template Mesh {
 <3d82ab44-62da-11cf-ab39-0020af71e433>
 DWORD nVertices;
 array Vector vertices[nVertices];
 DWORD nFaces;
 array MeshFace faces[nFaces];
 [...]
}

template MeshNormals {
 <f6f23f43-7686-11cf-8f52-0040333594a3>
 DWORD nNormals;
 array Vector normals[nNormals];
 DWORD nFaceNormals;
 array MeshFace faceNormals[nFaceNormals];
}

template MeshMaterialList {
 <f6f23f42-7686-11cf-8f52-0040333594a3>
 DWORD nMaterials;
 DWORD nFaceIndexes;
 array DWORD faceIndexes[nFaceIndexes];
 [Material <3d82ab4d-62da-11cf-ab39-0020af71e433>]
}

template Coords2d {
 <f6f23f44-7686-11cf-8f52-0040333594a3>
 FLOAT u;
 FLOAT v;
}

template MeshTextureCoords {
 <f6f23f40-7686-11cf-8f52-0040333594a3>
 DWORD nTextureCoords;
 array Coords2d textureCoords[nTextureCoords];
}

template XSkinMeshHeader {
 <3cf169ce-ff7c-44ab-93c0-f78f62d172e2>
 WORD nMaxSkinWeightsPerVertex;
 WORD nMaxSkinWeightsPerFace;
 WORD nBones;
}

template SkinWeights {
 <6f0d123b-bad2-4167-a0d0-80224f25fabb>
 STRING transformNodeName;
 DWORD nWeights;
 array DWORD vertexIndices[nWeights];
 array FLOAT weights[nWeights];
 Matrix4x4 matrixOffset;
}

template AnimTicksPerSecond {
 <9e415a43-7ba6-4a73-8743-b73d47e88476>
 DWORD AnimTicksPerSecond;
}

template Animation {
 <3d82ab4f-62da-11cf-ab39-0020af71e433>
 [...]
}

template AnimationSet {
 <3d82ab50-62da-11cf-ab39-0020af71e433>
 [Animation <3d82ab4f-62da-11cf-ab39-0020af71e433>]
}

template FloatKeys {
 <10dd46a9-775b-11cf-8f52-0040333594a3>
 DWORD nValues;
 array FLOAT values[nValues];
}

template TimedFloatKeys {
 <f406b180-7b3b-11cf-8f52-0040333594a3>
 DWORD time;
 FloatKeys tfkeys;
}

template AnimationKey {
 <10dd46a8-775b-11cf-8f52-0040333594a3>
 DWORD keyType;
 DWORD nKeys;
 array TimedFloatKeys keys[nKeys];
}


Material AgentSanwaMoney_MT {
 1.000000;1.000000;1.000000;1.000000;;
 10.000000;
 0.000000;0.000000;0.000000;;
 0.000000;0.000000;0.000000;;

 TextureFilename {
  "AgentSanwaMoney_T.tga";
 }
}

Frame Root {
 

 FrameTransformMatrix {
  1.000000,0.000000,0.000000,0.000000,0.000000,-0.000000,-1.000000,0.000000,0.000000,1.000000,-0.000000,0.000000,0.000000,0.000000,0.000000,1.000000;;
 }

 Frame Hip {
  

  FrameTransformMatrix {
   1.000000,0.000000,-0.000000,0.000000,0.000000,-0.231374,0.972865,0.000000,-0.000000,-0.972865,-0.231374,0.000000,0.000000,-254.862950,64.541901,1.000000;;
  }

  Frame Spine {
   

   FrameTransformMatrix {
    -1.000000,0.000013,-0.000488,0.000000,-0.000014,0.998499,0.054778,0.000000,0.000488,0.054778,-0.998498,0.000000,-0.000000,-0.000015,-0.000031,1.000000;;
   }

   Frame Spine_001 {
    

    FrameTransformMatrix {
     1.000000,0.000002,-0.000000,0.000000,-0.000002,0.969663,-0.244444,0.000000,-0.000000,0.244444,0.969663,0.000000,0.000000,0.000015,124.250598,1.000000;;
    }

    Frame Shoulder_L {
     

     FrameTransformMatrix {
      0.183993,-0.517861,0.835444,0.000000,-0.395785,0.738973,0.545227,0.000000,-0.899723,-0.430974,-0.068996,0.000000,-67.231021,13.905288,145.853120,1.000000;;
     }

     Frame UpperArm_L {
      

      FrameTransformMatrix {
       0.973196,0.187874,0.132643,0.000000,-0.211446,0.504114,0.837353,0.000000,0.090450,-0.842955,0.530326,0.000000,-0.000378,0.000214,62.113843,1.000000;;
      }

      Frame LowerArm_L {
       

       FrameTransformMatrix {
        0.031089,-0.986566,-0.160381,0.000000,0.376260,0.160207,-0.912558,0.000000,0.925993,-0.031974,0.376185,0.000000,-0.001108,0.000732,129.732723,1.000000;;
       }

       Frame Hand_L {
        

        FrameTransformMatrix {
         0.999952,-0.000962,0.009779,0.000000,0.004642,0.923417,-0.383769,0.000000,-0.008661,0.383796,0.923377,0.000000,-0.000214,0.000053,89.780826,1.000000;;
        }

        Frame MiddleFinger_L {
         

         FrameTransformMatrix {
          0.999952,-0.004939,-0.008445,0.000000,0.001089,0.914037,-0.405630,0.000000,0.009723,0.405602,0.913998,0.000000,-1.410385,3.718489,56.407565,1.000000;;
         }

         Frame MiddleFinger_L_001 {
          

          FrameTransformMatrix {
           0.999927,0.000001,0.012084,0.000000,-0.011319,0.350227,0.936597,0.000000,-0.004231,-0.936665,0.350202,0.000000,0.000183,-0.000061,41.652925,1.000000;;
          }
         }
        }

        Frame Indexfinger_L {
         

         FrameTransformMatrix {
          0.945484,0.032921,-0.324000,0.000000,-0.145393,0.932896,-0.329493,0.000000,0.291411,0.358638,0.886825,0.000000,14.335030,-0.455058,55.031219,1.000000;;
         }

         Frame Indexfinger_L_001 {
          

          FrameTransformMatrix {
           0.987436,-0.133371,0.084753,0.000000,-0.009539,0.485052,0.874434,0.000000,-0.157733,-0.864255,0.477686,0.000000,-0.000183,-0.000017,33.382858,1.000000;;
          }
         }
        }

        Frame LittleFinger_L {
         

         FrameTransformMatrix {
          0.944847,-0.039010,0.325182,0.000000,0.018195,0.997600,0.066807,0.000000,-0.327008,-0.057205,0.943289,0.000000,-15.915069,-0.940173,55.972806,1.000000;;
         }

         Frame LittleFinger_L_001 {
          

          FrameTransformMatrix {
           0.977986,0.014215,-0.208186,0.000000,0.063862,0.929417,0.363465,0.000000,0.198658,-0.368758,0.908049,0.000000,0.000389,-0.000010,35.773437,1.000000;;
          }
         }
        }
       }
      }
     }
    }

    Frame Shoulder_R {
     

     FrameTransformMatrix {
      0.183995,0.517861,-0.835444,0.000000,0.395788,0.738971,0.545228,0.000000,0.899721,-0.430977,-0.068996,0.000000,67.231066,13.905059,145.853120,1.000000;;
     }

     Frame UpperArm_R {
      

      FrameTransformMatrix {
       0.973195,-0.187874,-0.132643,0.000000,0.211446,0.504113,0.837353,0.000000,-0.090450,-0.842955,0.530326,0.000000,0.000370,0.000183,62.113766,1.000000;;
      }

      Frame LowerArm_R {
       

       FrameTransformMatrix {
        0.031090,0.986565,0.160382,0.000000,-0.376260,0.160208,-0.912558,0.000000,-0.925992,-0.031974,0.376186,0.000000,0.001120,0.000732,129.732698,1.000000;;
       }

       Frame Hand_R {
        

        FrameTransformMatrix {
         0.999952,0.000962,-0.009779,0.000000,-0.004642,0.923417,-0.383769,0.000000,0.008661,0.383796,0.923377,0.000000,0.000259,0.000050,89.780851,1.000000;;
        }

        Frame MiddleFinger_R {
         

         FrameTransformMatrix {
          0.999952,0.004939,0.008445,0.000000,-0.001089,0.914037,-0.405631,0.000000,-0.009723,0.405602,0.913998,0.000000,1.410416,3.718489,56.407533,1.000000;;
         }

         Frame MiddleFinger_R_001 {
          

          FrameTransformMatrix {
           0.999927,-0.000001,-0.012084,0.000000,0.011319,0.350228,0.936597,0.000000,0.004231,-0.936665,0.350202,0.000000,-0.000198,-0.000099,41.652909,1.000000;;
          }
         }
        }

        Frame IndexFinger_R {
         

         FrameTransformMatrix {
          0.945485,-0.032921,0.323999,0.000000,0.145393,0.932896,-0.329493,0.000000,-0.291411,0.358638,0.886825,0.000000,-14.335014,-0.455056,55.031251,1.000000;;
         }

         Frame IndexFinger_R_001 {
          

          FrameTransformMatrix {
           0.987436,0.133371,-0.084753,0.000000,0.009539,0.485052,0.874433,0.000000,0.157733,-0.864255,0.477686,0.000000,0.000183,-0.000010,33.382874,1.000000;;
          }
         }
        }

        Frame LittleFinger_R {
         

         FrameTransformMatrix {
          0.944847,0.039010,-0.325182,0.000000,-0.018195,0.997600,0.066807,0.000000,0.327008,-0.057205,0.943289,0.000000,15.915146,-0.940167,55.972826,1.000000;;
         }

         Frame LittleFinger_R_001 {
          

          FrameTransformMatrix {
           0.977986,-0.014215,0.208186,0.000000,-0.063862,0.929417,0.363465,0.000000,-0.198658,-0.368759,0.908049,0.000000,-0.000366,-0.000010,35.773437,1.000000;;
          }
         }
        }
       }
      }
     }
    }

    Frame Neck {
     

     FrameTransformMatrix {
      1.000000,-0.000006,-0.000003,0.000000,0.000006,0.831033,0.556222,0.000000,-0.000001,-0.556222,0.831033,0.000000,-0.000000,-0.000397,143.601984,1.000000;;
     }

     Frame Head {
      

      FrameTransformMatrix {
       0.998794,0.049075,-0.001491,0.000000,-0.049096,0.998546,-0.022276,0.000000,0.000395,0.022322,0.999751,0.000000,-0.000000,0.000031,110.895155,1.000000;;
      }

      Frame UpperMouth {
       

       FrameTransformMatrix {
        0.998795,-0.049075,0.000396,0.000000,0.049068,0.998742,0.010402,0.000000,-0.000906,-0.010370,0.999946,0.000000,3.468753,72.219571,108.506240,1.000000;;
       }

       Frame UpperMouth_001 {
        

        FrameTransformMatrix {
         1.000000,-0.000016,0.000000,0.000000,0.000015,0.986395,0.164395,0.000000,-0.000003,-0.164396,0.986395,0.000000,-0.000000,0.000031,91.717926,1.000000;;
        }
       }
      }

      Frame LowerMouth {
       

       FrameTransformMatrix {
        0.998799,-0.048991,0.000388,0.000000,0.048883,0.996008,-0.074689,0.000000,0.003273,0.074618,0.997207,0.000000,-3.260432,-64.622566,116.682112,1.000000;;
       }

       Frame LowerMouth_001 {
        

        FrameTransformMatrix {
         1.000000,-0.000099,-0.000000,0.000000,0.000097,0.975646,-0.219352,0.000000,0.000022,0.219352,0.975646,0.000000,0.000000,-0.000008,92.708403,1.000000;;
        }
       }
      }

      Frame MiddleMouth_L {
       

       FrameTransformMatrix {
        0.997635,-0.046436,-0.050684,0.000000,0.041848,0.995232,-0.088107,0.000000,0.054533,0.085777,0.994821,0.000000,-69.156992,3.075943,114.864166,1.000000;;
       }

       Frame MiddleMouth_L_001 {
        

        FrameTransformMatrix {
         0.993495,0.002199,-0.113854,0.000000,0.006569,0.997042,0.076579,0.000000,0.113686,-0.076828,0.990542,0.000000,0.000008,0.000015,103.337146,1.000000;;
        }
       }
      }

      Frame MiddleMouth_R {
       

       FrameTransformMatrix {
        0.997184,-0.051515,0.054496,0.000000,0.056191,0.994528,-0.088079,0.000000,-0.049661,0.090893,0.994622,0.000000,69.034560,-3.716202,114.918925,1.000000;;
       }

       Frame MiddleMouth_R_001 {
        

        FrameTransformMatrix {
         0.993495,-0.002197,0.113854,0.000000,-0.006571,0.997042,0.076579,0.000000,-0.113685,-0.076829,0.990542,0.000000,-0.000023,0.000000,103.337222,1.000000;;
        }
       }
      }
     }
    }
   }
  }

  Frame Tail {
   

   FrameTransformMatrix {
    1.000000,0.000000,-0.000000,0.000000,-0.000000,0.993927,-0.110045,0.000000,-0.000000,0.110045,0.993927,0.000000,-0.000000,-0.000023,98.794451,1.000000;;
   }

   Frame Tail_001 {
    

    FrameTransformMatrix {
     1.000000,-0.000000,0.000000,0.000000,0.000000,0.999207,-0.039814,0.000000,0.000000,0.039814,0.999207,0.000000,0.000000,0.000000,185.495027,1.000000;;
    }
   }
  }
 }

 Frame HandTarget_L {
  

  FrameTransformMatrix {
   1.000000,0.000009,-0.000000,0.000000,0.000009,-0.999866,0.016399,0.000000,0.000000,-0.016399,-0.999866,0.000000,142.232448,91.058355,7.468359,1.000000;;
  }
 }

 Frame HandTarget_R {
  

  FrameTransformMatrix {
   1.000000,-0.000009,0.000000,0.000000,-0.000009,-0.999866,0.016399,0.000000,-0.000000,-0.016399,-0.999866,0.000000,-142.232448,91.058355,7.468359,1.000000;;
  }
 }

 Frame HandPole_L {
  

  FrameTransformMatrix {
   -1.000000,0.000000,0.000000,0.000000,0.000000,-0.000000,1.000000,0.000000,0.000000,1.000000,0.000000,0.000000,143.327219,574.34950,111.176858,1.000000;;
  }
 }

 Frame HandPole_R {
  

  FrameTransformMatrix {
   -1.000000,0.000000,0.000000,0.000000,0.000000,-0.000000,1.000000,0.000000,0.000000,1.000000,0.000000,0.000000,-143.327219,574.34950,111.176858,1.000000;;
  }
 }
}

Frame AgentSanwaMoney {
 

 FrameTransformMatrix {
  1.000000,0.000000,0.000000,0.000000,0.000000,1.000000,0.000000,0.000000,0.000000,0.000000,1.000000,0.000000,0.000000,0.000000,0.000000,1.000000;;
 }

 Mesh AgentSanwaMoney {
  5479;
  14.637608;207.353178;-403.651917;,
  14.821152;207.378176;-404.234906;,
  15.269866;207.431040;-403.520000;,
  58.349843;187.278835;-398.282291;,
  58.563456;186.708787;-399.200051;,
  58.371130;186.637811;-398.615731;,
  60.201037;175.116352;-411.433984;,
  60.204032;174.387930;-412.091366;,
  60.065005;174.343002;-411.507226;,
  58.962739;152.679232;-399.813939;,
  59.098592;152.581517;-400.420019;,
  58.910445;152.069670;-399.717248;,
  -14.637608;207.353178;-403.651917;,
  -15.269866;207.431040;-403.520000;,
  -14.821152;207.378176;-404.234906;,
  -58.349843;187.278835;-398.282291;,
  -58.371130;186.637811;-398.615731;,
  -58.563456;186.708787;-399.200051;,
  -60.201037;175.116352;-411.433984;,
  -60.065005;174.343002;-411.507226;,
  -60.204032;174.387930;-412.091366;,
  -60.647859;162.098202;-412.221210;,
  -60.689715;161.395814;-412.205235;,
  -60.782547;162.128602;-412.773274;,
  -58.962739;152.679232;-399.813939;,
  -58.910445;152.069670;-399.717248;,
  -59.098592;152.581517;-400.420019;,
  4.487536;208.183834;-411.663258;,
  3.861162;208.068531;-410.965888;,
  3.874909;208.063014;-411.760845;,
  4.499549;208.147520;-410.903910;,
  20.306803;206.191014;-392.053427;,
  20.393571;206.433741;-392.564045;,
  20.987114;206.366054;-392.421632;,
  21.011298;206.044864;-391.745997;,
  27.142253;205.768230;-374.705357;,
  27.080208;205.792256;-374.333107;,
  26.664469;205.766272;-374.529818;,
  26.717382;205.752627;-374.898227;,
  29.435219;205.153050;-353.772800;,
  29.490128;205.153050;-354.085274;,
  29.787837;205.153050;-353.953357;,
  29.752266;205.153050;-353.645107;,
  34.388826;201.248499;-333.992909;,
  33.678723;201.240614;-333.709005;,
  33.748000;201.256474;-334.281293;,
  34.346672;201.234330;-333.480525;,
  35.775405;199.992781;-313.154970;,
  35.822723;200.051661;-313.391027;,
  36.186474;200.058842;-313.305574;,
  36.142112;199.992768;-313.089997;,
  39.365059;194.685274;-294.167987;,
  38.758477;194.494925;-293.738317;,
  38.722141;194.634867;-294.320794;,
  39.408906;194.531661;-293.637350;,
  40.357866;190.866483;-276.577229;,
  39.751155;190.774272;-276.141670;,
  39.759306;190.887808;-276.694195;,
  40.345664;190.738931;-276.069965;,
  42.265453;188.747738;-254.943462;,
  41.746720;188.653184;-254.349363;,
  41.682995;188.812800;-255.117901;,
  42.323450;188.573530;-254.252723;,
  11.327115;144.059904;-405.018240;,
  11.814292;144.027904;-404.949683;,
  11.844106;143.958554;-405.466522;,
  11.382870;144.003686;-405.555226;,
  26.127862;143.435110;-390.738125;,
  26.748341;143.355123;-390.462464;,
  26.899840;143.235187;-390.872346;,
  26.335638;143.375245;-391.158451;,
  33.068592;142.952435;-374.002714;,
  33.716883;142.911347;-373.692390;,
  33.744144;142.853466;-374.099482;,
  33.167248;142.921370;-374.424678;,
  35.789626;143.171264;-353.491814;,
  36.144650;143.159578;-353.339546;,
  36.160762;143.139008;-353.538637;,
  35.815062;143.158733;-353.728640;,
  37.121146;142.982054;-335.517824;,
  37.489498;142.977101;-335.375923;,
  37.506109;142.952486;-335.635763;,
  37.145651;142.967680;-335.823718;,
  37.996627;143.477274;-315.989094;,
  38.602538;143.485555;-315.803187;,
  38.600310;143.454784;-316.204570;,
  37.980902;143.459354;-316.428006;,
  38.965283;145.127821;-296.380698;,
  39.491210;145.147264;-296.238003;,
  39.471549;145.119795;-296.601498;,
  38.931667;145.111731;-296.779366;,
  40.316090;145.987226;-276.236288;,
  41.109738;146.030003;-276.110387;,
  41.074723;145.992269;-276.630451;,
  40.309299;145.965978;-276.801459;,
  42.240669;146.863347;-259.077171;,
  43.108195;146.925555;-258.988902;,
  43.057309;146.886426;-259.535002;,
  42.220458;146.841152;-259.671091;,
  52.478227;184.459750;-379.067802;,
  52.396403;184.981658;-378.832205;,
  52.407299;184.986330;-379.508301;,
  52.424515;184.527680;-379.662746;,
  51.538339;182.325146;-360.067661;,
  51.373040;182.866458;-359.972787;,
  51.361392;182.927885;-360.630886;,
  51.447891;182.413875;-360.773350;,
  50.962931;185.468352;-337.704602;,
  51.145859;184.806566;-337.761280;,
  51.060253;184.774618;-336.907238;,
  50.942701;185.436096;-336.901786;,
  50.964707;189.703898;-316.194714;,
  51.100499;188.924006;-316.219213;,
  51.172170;188.944666;-315.204685;,
  51.097750;189.729139;-315.243418;,
  48.588058;192.330752;-297.664973;,
  48.673670;191.374502;-297.641446;,
  48.707408;191.368192;-296.767130;,
  48.615584;192.388902;-296.673869;,
  49.889920;188.783539;-285.448141;,
  49.953149;188.152525;-285.471309;,
  49.802294;188.745318;-284.883968;,
  49.881030;188.085632;-284.971213;,
  47.197571;178.380800;-270.751898;,
  47.348586;177.872346;-270.648653;,
  47.114499;178.406771;-270.248294;,
  47.226749;177.879501;-270.216653;,
  45.654496;177.558170;-254.205670;,
  45.764848;176.812851;-254.175514;,
  45.677590;176.778470;-253.635354;,
  45.585555;177.557338;-253.544243;,
  57.896672;151.844992;-383.965005;,
  57.857050;151.468493;-383.948467;,
  57.945939;151.906598;-383.412864;,
  57.861754;151.455078;-383.301760;,
  56.630413;151.812122;-360.721434;,
  56.524538;151.252928;-360.582784;,
  56.714688;151.855398;-359.773338;,
  56.541101;151.241869;-359.713766;,
  55.046182;149.268019;-341.021338;,
  54.929453;148.829773;-340.986368;,
  54.974854;149.231680;-340.396826;,
  54.894714;148.777843;-340.391398;,
  50.425974;144.884518;-316.641536;,
  50.302285;144.200474;-316.595917;,
  50.308902;144.790246;-315.699686;,
  50.239379;144.079168;-315.715302;,
  49.116397;141.330637;-297.613363;,
  49.055965;140.687078;-297.637939;,
  49.022038;141.279078;-297.037773;,
  48.952496;140.597850;-297.008154;,
  48.436173;152.578304;-283.890048;,
  48.463587;153.463488;-283.802522;,
  48.555894;153.495757;-284.418637;,
  48.540416;152.674022;-284.555392;,
  46.799283;151.850368;-269.936026;,
  46.791024;152.412250;-269.930112;,
  46.888080;152.423475;-270.301414;,
  46.865082;151.910874;-270.392781;,
  44.667197;152.594803;-255.613030;,
  44.693658;153.331930;-255.211494;,
  44.792886;153.311706;-255.593754;,
  44.583821;152.553549;-255.139507;,
  -4.487536;208.183834;-411.663258;,
  -3.874909;208.063014;-411.760845;,
  -3.861162;208.068531;-410.965888;,
  -4.499549;208.147520;-410.903910;,
  -20.306803;206.191014;-392.053427;,
  -21.011298;206.044864;-391.745997;,
  -20.987114;206.366054;-392.421632;,
  -20.393571;206.433741;-392.564045;,
  -27.142253;205.768230;-374.705357;,
  -26.717382;205.752627;-374.898227;,
  -26.664469;205.766272;-374.529818;,
  -27.080208;205.792256;-374.333107;,
  -29.435219;205.153050;-353.772800;,
  -29.752266;205.153050;-353.645107;,
  -29.787837;205.153050;-353.953357;,
  -29.490128;205.153050;-354.085274;,
  -34.388826;201.248499;-333.992909;,
  -33.748000;201.256474;-334.281293;,
  -33.678723;201.240614;-333.709005;,
  -34.346672;201.234330;-333.480525;,
  -35.775405;199.992781;-313.154970;,
  -36.142112;199.992768;-313.089997;,
  -36.186474;200.058842;-313.305574;,
  -35.822723;200.051661;-313.391027;,
  -39.365059;194.685274;-294.167987;,
  -38.722141;194.634867;-294.320794;,
  -38.758477;194.494925;-293.738317;,
  -39.408906;194.531661;-293.637350;,
  -40.357866;190.866483;-276.577229;,
  -39.759306;190.887808;-276.694195;,
  -39.751155;190.774272;-276.141670;,
  -40.345664;190.738931;-276.069965;,
  -42.265453;188.747738;-254.943462;,
  -41.682995;188.812800;-255.117901;,
  -41.746720;188.653184;-254.349363;,
  -42.323450;188.573530;-254.252723;,
  -11.327115;144.059904;-405.018240;,
  -11.382870;144.003686;-405.555226;,
  -11.844106;143.958554;-405.466522;,
  -11.814292;144.027904;-404.949683;,
  -26.127862;143.435110;-390.738125;,
  -26.335638;143.375245;-391.158451;,
  -26.899840;143.235187;-390.872346;,
  -26.748341;143.355123;-390.462464;,
  -33.068592;142.952435;-374.002714;,
  -33.167248;142.921370;-374.424678;,
  -33.744144;142.853466;-374.099482;,
  -33.716883;142.911347;-373.692390;,
  -35.789626;143.171264;-353.491814;,
  -35.815062;143.158733;-353.728640;,
  -36.160762;143.139008;-353.538637;,
  -36.144650;143.159578;-353.339546;,
  -37.121146;142.982054;-335.517824;,
  -37.145651;142.967680;-335.823718;,
  -37.506109;142.952486;-335.635763;,
  -37.489498;142.977101;-335.375923;,
  -37.996627;143.477274;-315.989094;,
  -37.980902;143.459354;-316.428006;,
  -38.600310;143.454784;-316.204570;,
  -38.602538;143.485555;-315.803187;,
  -38.965283;145.127821;-296.380698;,
  -38.931667;145.111731;-296.779366;,
  -39.471549;145.119795;-296.601498;,
  -39.491210;145.147264;-296.238003;,
  -40.316090;145.987226;-276.236288;,
  -40.309299;145.965978;-276.801459;,
  -41.074723;145.992269;-276.630451;,
  -41.109738;146.030003;-276.110387;,
  -43.108195;146.925555;-258.988902;,
  -43.057309;146.886426;-259.535002;,
  -45.270931;141.245875;-259.447296;,
  -45.564330;141.471373;-256.298778;,
  -42.240669;146.863347;-259.077171;,
  -42.220458;146.841152;-259.671091;,
  -43.057309;146.886426;-259.535002;,
  -43.108195;146.925555;-258.988902;,
  -52.407299;184.986330;-379.508301;,
  -52.396403;184.981658;-378.832205;,
  -52.478227;184.459750;-379.067802;,
  -52.424515;184.527680;-379.662746;,
  -51.361392;182.927885;-360.630886;,
  -51.373040;182.866458;-359.972787;,
  -51.538339;182.325146;-360.067661;,
  -51.447891;182.413875;-360.773350;,
  -50.962931;185.468352;-337.704602;,
  -50.942701;185.436096;-336.901786;,
  -51.060253;184.774618;-336.907238;,
  -51.145859;184.806566;-337.761280;,
  -50.964707;189.703898;-316.194714;,
  -51.097750;189.729139;-315.243418;,
  -51.172170;188.944666;-315.204685;,
  -51.100499;188.924006;-316.219213;,
  -48.588058;192.330752;-297.664973;,
  -48.615584;192.388902;-296.673869;,
  -48.707408;191.368192;-296.767130;,
  -48.673670;191.374502;-297.641446;,
  -49.889920;188.783539;-285.448141;,
  -49.802294;188.745318;-284.883968;,
  -49.953149;188.152525;-285.471309;,
  -49.881030;188.085632;-284.971213;,
  -47.348586;177.872346;-270.648653;,
  -47.197571;178.380800;-270.751898;,
  -47.114499;178.406771;-270.248294;,
  -47.226749;177.879501;-270.216653;,
  -45.654496;177.558170;-254.205670;,
  -45.585555;177.557338;-253.544243;,
  -45.677590;176.778470;-253.635354;,
  -45.764848;176.812851;-254.175514;,
  -57.857050;151.468493;-383.948467;,
  -57.896672;151.844992;-383.965005;,
  -57.945939;151.906598;-383.412864;,
  -57.861754;151.455078;-383.301760;,
  -56.524538;151.252928;-360.582784;,
  -56.630413;151.812122;-360.721434;,
  -56.714688;151.855398;-359.773338;,
  -56.541101;151.241869;-359.713766;,
  -55.046182;149.268019;-341.021338;,
  -54.974854;149.231680;-340.396826;,
  -54.929453;148.829773;-340.986368;,
  -54.894714;148.777843;-340.391398;,
  -50.425974;144.884518;-316.641536;,
  -50.308902;144.790246;-315.699686;,
  -50.302285;144.200474;-316.595917;,
  -50.239379;144.079168;-315.715302;,
  -49.116397;141.330637;-297.613363;,
  -49.022038;141.279078;-297.037773;,
  -49.055965;140.687078;-297.637939;,
  -48.952496;140.597850;-297.008154;,
  -48.555894;153.495757;-284.418637;,
  -48.463587;153.463488;-283.802522;,
  -48.436173;152.578304;-283.890048;,
  -48.540416;152.674022;-284.555392;,
  -46.888080;152.423475;-270.301414;,
  -46.791024;152.412250;-269.930112;,
  -46.799283;151.850368;-269.936026;,
  -46.865082;151.910874;-270.392781;,
  -44.667197;152.594803;-255.613030;,
  -44.792886;153.311706;-255.593754;,
  -44.693658;153.331930;-255.211494;,
  -44.583821;152.553549;-255.139507;,
  -141.798221;-5.953397;-254.680243;,
  -141.791731;-4.085631;-256.315878;,
  -141.084902;-5.002794;-255.548390;,
  -143.183552;-6.018593;-254.700262;,
  -143.334438;-4.123952;-256.284109;,
  -143.961370;-5.109803;-255.498163;,
  112.761242;-5.775546;-232.014464;,
  112.359232;-6.963817;-231.320986;,
  111.464986;-6.837168;-230.793574;,
  110.815027;-5.498793;-230.867046;,
  112.236198;-4.636796;-232.094925;,
  111.395366;-4.461135;-231.619763;,
  141.798221;-5.953397;-254.680243;,
  141.084902;-5.002794;-255.548390;,
  141.791731;-4.085631;-256.315878;,
  143.183552;-6.018593;-254.700262;,
  143.334438;-4.123952;-256.284109;,
  143.961370;-5.109803;-255.498163;,
  44.176138;127.581338;-312.535910;,
  31.725267;127.673203;-317.027558;,
  36.245197;137.847821;-317.157683;,
  40.105994;137.819341;-315.764890;,
  37.980902;143.459354;-316.428006;,
  38.600310;143.454784;-316.204570;,
  139.968461;193.602202;112.430720;,
  140.072576;193.304090;112.246157;,
  140.237453;193.201280;111.825830;,
  139.762803;194.103872;112.298086;,
  140.255245;193.421555;111.438310;,
  139.771686;194.322752;111.873843;,
  140.169677;193.900288;111.315686;,
  139.929485;194.246477;111.477107;,
  120.483162;168.826931;200.861683;,
  120.335834;169.516531;200.704013;,
  120.045069;169.959744;200.962022;,
  119.832538;170.191898;201.571981;,
  120.515789;168.445645;201.690509;,
  119.940531;169.820467;202.385242;,
  120.216474;169.224858;202.548173;,
  120.383898;168.678259;202.280141;,
  91.264128;137.575987;297.908224;,
  90.896723;138.026688;298.114739;,
  90.712205;138.200154;298.669747;,
  91.315674;136.908083;298.166349;,
  90.653024;137.806554;299.315584;,
  91.312006;136.711744;298.743398;,
  90.931949;137.278157;299.518848;,
  91.059846;136.778330;299.308006;,
  77.229709;91.047622;362.524928;,
  76.911699;91.378874;362.657178;,
  76.597670;91.442048;363.023616;,
  77.292909;90.521574;362.719078;,
  76.589376;91.050822;363.525939;,
  76.803546;90.582688;363.734323;,
  76.932870;90.263571;363.580109;,
  77.117971;90.106240;363.134746;,
  58.954291;68.747635;407.791053;,
  59.145280;68.371539;407.955507;,
  59.252211;68.023226;407.692621;,
  59.345357;67.981702;407.368909;,
  58.958432;68.918566;407.370573;,
  59.344915;68.540077;406.897178;,
  59.132621;68.829600;407.022669;,
  59.391488;68.196166;406.959155;,
  122.250150;49.815334;147.687053;,
  122.370355;50.168781;146.985638;,
  122.860992;50.861434;146.807117;,
  122.904627;51.501907;147.191578;,
  122.297830;50.038445;148.399002;,
  122.787558;51.313488;148.562342;,
  122.826739;51.711811;147.697613;,
  122.666458;50.530666;148.738688;,
  99.485171;28.682630;319.385293;,
  99.360051;27.970576;319.360333;,
  99.107686;27.605293;319.076378;,
  99.872122;29.451568;318.486784;,
  99.038086;27.271123;318.362035;,
  99.873197;29.219578;317.534131;,
  99.859654;28.568138;317.141018;,
  99.338509;27.788330;317.222989;,
  72.675738;23.124706;381.574451;,
  72.638253;22.792011;381.597363;,
  72.493280;22.626814;381.498419;,
  72.799162;23.442856;381.181389;,
  72.418592;22.424675;381.105792;,
  72.815475;23.300790;380.688896;,
  72.798029;23.007594;380.531789;,
  72.585101;22.686482;380.564301;,
  120.142336;242.389581;2.647118;,
  119.913805;242.537395;2.738051;,
  120.472422;242.182246;2.805253;,
  119.732557;242.662067;3.159704;,
  120.594995;242.111616;3.161820;,
  120.480115;242.192384;3.510150;,
  119.911091;242.556851;3.569271;,
  120.135885;242.415488;3.668252;,
  -112.761242;-5.775546;-232.014464;,
  -111.464986;-6.837168;-230.793574;,
  -112.359232;-6.963817;-231.320986;,
  -110.815027;-5.498793;-230.867046;,
  -112.236198;-4.636796;-232.094925;,
  -111.395366;-4.461135;-231.619763;,
  -139.771686;194.322752;111.873843;,
  -139.929485;194.246477;111.477107;,
  -140.169677;193.900288;111.315686;,
  -140.255245;193.421555;111.438310;,
  -139.762803;194.103872;112.298086;,
  -140.237453;193.201280;111.825830;,
  -139.968461;193.602202;112.430720;,
  -140.072576;193.304090;112.246157;,
  -120.045069;169.959744;200.962022;,
  -120.335834;169.516531;200.704013;,
  -120.483162;168.826931;200.861683;,
  -119.832538;170.191898;201.571981;,
  -120.515789;168.445645;201.690509;,
  -119.940531;169.820467;202.385242;,
  -120.216474;169.224858;202.548173;,
  -120.383898;168.678259;202.280141;,
  -91.312006;136.711744;298.743398;,
  -91.059846;136.778330;299.308006;,
  -90.931949;137.278157;299.518848;,
  -90.653024;137.806554;299.315584;,
  -91.315674;136.908083;298.166349;,
  -90.712205;138.200154;298.669747;,
  -91.264128;137.575987;297.908224;,
  -90.896723;138.026688;298.114739;,
  -76.597670;91.442048;363.023616;,
  -76.911699;91.378874;362.657178;,
  -77.229709;91.047622;362.524928;,
  -77.292909;90.521574;362.719078;,
  -76.589376;91.050822;363.525939;,
  -76.803546;90.582688;363.734323;,
  -76.932870;90.263571;363.580109;,
  -77.117971;90.106240;363.134746;,
  -59.252211;68.023226;407.692621;,
  -59.145280;68.371539;407.955507;,
  -58.954291;68.747635;407.791053;,
  -59.345357;67.981702;407.368909;,
  -58.958432;68.918566;407.370573;,
  -59.344915;68.540077;406.897178;,
  -59.391488;68.196166;406.959155;,
  -59.132621;68.829600;407.022669;,
  -122.860992;50.861434;146.807117;,
  -122.370355;50.168781;146.985638;,
  -122.250150;49.815334;147.687053;,
  -122.904627;51.501907;147.191578;,
  -122.297830;50.038445;148.399002;,
  -122.787558;51.313488;148.562342;,
  -122.666458;50.530666;148.738688;,
  -122.826739;51.711811;147.697613;,
  -99.107686;27.605293;319.076378;,
  -99.360051;27.970576;319.360333;,
  -99.485171;28.682630;319.385293;,
  -99.872122;29.451568;318.486784;,
  -99.038086;27.271123;318.362035;,
  -99.873197;29.219578;317.534131;,
  -99.859654;28.568138;317.141018;,
  -99.338509;27.788330;317.222989;,
  -72.493280;22.626814;381.498419;,
  -72.638253;22.792011;381.597363;,
  -72.675738;23.124706;381.574451;,
  -72.799162;23.442856;381.181389;,
  -72.418592;22.424675;381.105792;,
  -72.815475;23.300790;380.688896;,
  -72.798029;23.007594;380.531789;,
  -72.585101;22.686482;380.564301;,
  -120.480115;242.192384;3.510150;,
  -120.135885;242.415488;3.668252;,
  -119.911091;242.556851;3.569271;,
  -119.732557;242.662067;3.159704;,
  -120.594995;242.111616;3.161820;,
  -120.472422;242.182246;2.805253;,
  -119.913805;242.537395;2.738051;,
  -120.142336;242.389581;2.647118;,
  171.241178;-5.641534;-231.050854;,
  170.799078;-6.484402;-231.118157;,
  169.850086;-6.471076;-231.399450;,
  169.416384;-5.632806;-231.562906;,
  169.933069;-4.684345;-231.482342;,
  170.782259;-4.647110;-231.226598;,
  80.734042;284.193280;5.036160;,
  80.385171;284.423398;5.194900;,
  80.297965;284.552038;5.582171;,
  81.098432;284.126950;5.204126;,
  81.118170;284.138573;5.866830;,
  81.254931;284.207334;5.514045;,
  80.433344;284.438605;5.930420;,
  80.744134;284.273997;6.060548;,
  -169.850086;-6.471076;-231.399450;,
  -170.799078;-6.484402;-231.118157;,
  -171.241178;-5.641534;-231.050854;,
  -169.416384;-5.632806;-231.562906;,
  -169.933069;-4.684345;-231.482342;,
  -170.782259;-4.647110;-231.226598;,
  -81.118170;284.138573;5.866830;,
  -80.744134;284.273997;6.060548;,
  -80.433344;284.438605;5.930420;,
  -80.297965;284.552038;5.582171;,
  -81.098432;284.126950;5.204126;,
  -81.254931;284.207334;5.514045;,
  -80.734042;284.193280;5.036160;,
  -80.385171;284.423398;5.194900;,
  60.787181;227.845530;-212.580557;,
  63.173139;230.057805;-180.983603;,
  82.477997;200.362253;-180.983616;,
  76.556480;198.537818;-214.947098;,
  61.841107;223.880166;-235.862144;,
  88.941786;164.574259;-180.983616;,
  78.506560;197.004454;-237.569331;,
  62.895034;219.914803;-259.143731;,
  82.477997;164.574285;-216.771584;,
  80.456634;195.471104;-260.191565;,
  64.849235;216.809088;-282.289843;,
  84.497299;164.975680;-238.937677;,
  76.556486;130.610739;-214.947123;,
  82.477997;128.786266;-180.983616;,
  63.173139;99.090752;-180.983629;,
  59.067526;103.026304;-212.851558;,
  61.027706;106.933824;-235.997670;,
  78.506560;132.946880;-237.569331;,
  62.987878;110.841344;-259.143757;,
  80.456640;135.283046;-260.191565;,
  64.893293;114.748851;-282.289843;,
  86.516589;165.377075;-261.103795;,
  83.178483;137.619200;-282.813747;,
  66.798714;118.656371;-305.436006;,
  83.192141;193.937754;-282.813747;,
  66.803430;213.703360;-305.435981;,
  90.741587;165.778470;-283.269888;,
  85.900320;139.955354;-305.436006;,
  68.713754;122.563891;-321.541350;,
  85.927642;192.404390;-305.435981;,
  68.719846;210.598618;-321.540838;,
  94.966592;166.179866;-305.435981;,
  85.754618;142.291507;-321.922662;,
  70.628800;126.471411;-337.646694;,
  86.272275;190.871053;-321.852365;,
  70.636275;207.493914;-337.645722;,
  94.925843;166.581286;-322.430490;,
  85.608902;144.627661;-338.409370;,
  72.552518;130.378918;-353.705984;,
  86.616915;189.337690;-338.268698;,
  72.380493;204.389210;-353.627674;,
  94.885094;166.982669;-339.424998;,
  86.153779;146.963827;-354.374605;,
  74.476243;134.286451;-369.765325;,
  85.722035;187.804326;-353.390054;,
  74.124717;201.284467;-369.609626;,
  93.990259;167.338867;-354.522650;,
  86.698662;149.299968;-370.339840;,
  72.891462;144.014029;-392.461850;,
  85.737939;186.958541;-368.302182;,
  72.829811;193.142746;-387.135846;,
  91.005363;167.785459;-370.181606;,
  82.330163;185.298496;-386.320947;,
  77.126944;181.675482;-405.597466;,
  88.498899;167.698330;-386.613171;,
  82.612205;167.872614;-406.159462;,
  77.181094;168.473766;-417.511450;,
  76.680909;154.317875;-406.618138;,
  83.880691;151.917811;-389.334374;,
  159.850739;17.561683;-29.634512;,
  157.565952;24.354691;-40.732630;,
  157.856077;34.420941;-33.263366;,
  160.644608;29.520995;-19.099797;,
  159.310490;46.486813;-25.002496;,
  157.946522;11.095780;-18.831462;,
  162.648000;42.436816;-8.174451;,
  159.137587;57.935309;-17.415062;,
  158.454438;24.608910;-5.322856;,
  148.791142;6.789913;-12.504484;,
  162.734950;54.910362;0.877401;,
  159.224768;66.746080;-12.628044;,
  160.026637;38.835075;7.505165;,
  147.912474;21.299411;4.513864;,
  138.264960;5.671835;-11.757514;,
  162.982899;66.580122;7.253479;,
  158.964672;79.303213;-11.657558;,
  159.909504;52.036592;18.255469;,
  147.409216;35.685632;19.198245;,
  135.792090;20.374702;6.667212;,
  127.246502;23.668067;-0.666591;,
  130.843379;8.417233;-14.449462;,
  132.902605;34.818835;21.288413;,
  122.084979;29.753139;-19.113166;,
  126.360102;17.065629;-29.250141;,
  122.674650;37.254701;14.574379;,
  116.496922;42.479184;-7.822244;,
  127.005133;35.757674;-37.315632;,
  130.420979;26.429344;-44.034634;,
  122.385715;47.634509;-29.922477;,
  135.432128;38.424832;-45.016992;,
  137.848269;30.491840;-50.447110;,
  132.518067;49.827427;-39.323219;,
  149.176269;38.058816;-44.007312;,
  150.034176;29.952858;-49.595002;,
  157.565952;24.354691;-40.732630;,
  157.856077;34.420941;-33.263366;,
  148.899802;49.539405;-38.088496;,
  159.310490;46.486813;-25.002496;,
  147.916352;60.318739;-31.827994;,
  159.137587;57.935309;-17.415062;,
  130.259226;60.543616;-33.187917;,
  147.502029;66.876826;-28.293014;,
  159.224768;66.746080;-12.628044;,
  119.338010;58.831424;-22.833933;,
  129.055770;66.889158;-29.771066;,
  146.932928;78.803782;-27.917600;,
  158.964672;79.303213;-11.657558;,
  156.758464;97.342957;-16.163453;,
  112.990733;54.806195;1.507279;,
  117.646464;66.795232;-18.517638;,
  128.000397;78.756646;-29.451798;,
  145.516480;95.994982;-32.777949;,
  145.801792;116.907238;-33.577466;,
  158.506214;118.699046;-16.777682;,
  127.423578;93.992378;-34.885549;,
  143.745024;133.090906;-33.208672;,
  155.487680;136.674547;-18.027392;,
  124.894144;113.667750;-37.175552;,
  123.552026;126.611917;-38.157142;,
  140.843290;147.788890;-30.170643;,
  151.218867;152.999808;-16.884421;,
  142.164646;169.558976;-14.843616;,
  122.265126;138.602406;-36.243190;,
  131.329485;162.275136;-30.094669;,
  122.067661;172.955610;-32.178016;,
  132.712602;184.986650;-13.359797;,
  106.875142;158.179853;-35.188326;,
  113.834445;148.149594;-34.995110;,
  103.492627;132.430720;-32.275312;,
  95.041459;140.229120;-31.870218;,
  88.194093;142.866074;-36.453331;,
  88.146720;128.226163;4.396960;,
  105.926803;122.259174;-31.320109;,
  95.084998;127.242893;4.379639;,
  101.362970;122.283802;4.680046;,
  95.362029;141.500096;41.372262;,
  87.485850;144.591974;53.960544;,
  103.348243;158.691405;50.127712;,
  109.218125;111.491366;-27.436381;,
  112.545101;149.788787;50.493802;,
  120.724058;171.973043;40.409725;,
  103.849280;133.423834;42.335734;,
  126.841434;163.382579;38.334554;,
  101.876045;115.102797;4.910786;,
  106.303392;122.959578;41.777002;,
  121.278400;139.609741;51.414118;,
  123.022554;127.322355;50.030406;,
  109.597811;111.841562;41.983478;,
  103.416704;107.913165;6.999880;,
  115.025946;92.836051;-23.590638;,
  115.349862;96.408026;40.514032;,
  116.290304;79.115443;-17.770885;,
  109.275942;92.694048;8.885839;,
  111.015526;66.574419;7.938074;,
  109.484570;79.958925;9.689809;,
  116.624243;80.813722;37.518787;,
  117.971827;66.350656;34.748602;,
  119.649446;50.726992;26.174947;,
  128.444813;80.962029;42.347504;,
  129.488781;65.923469;40.208672;,
  130.673702;49.248870;31.920954;,
  146.309722;49.740870;30.337782;,
  145.823590;66.101363;38.830304;,
  160.031168;66.422483;26.141165;,
  145.210240;80.929344;41.282534;,
  159.792358;80.539290;28.584387;,
  162.821888;79.937094;8.979202;,
  157.216730;98.927398;27.409104;,
  160.446080;98.208858;6.085746;,
  156.758464;97.342957;-16.163453;,
  158.506214;118.699046;-16.777682;,
  162.769139;118.862784;6.018074;,
  159.607885;137.002010;3.814863;,
  155.487680;136.674547;-18.027392;,
  151.218867;152.999808;-16.884421;,
  158.663693;118.736064;27.928954;,
  156.642253;155.242406;3.506674;,
  142.164646;169.558976;-14.843616;,
  154.954650;136.748570;25.009989;,
  150.043981;153.127821;23.487986;,
  148.459763;174.162534;3.169553;,
  132.712602;184.986650;-13.359797;,
  141.110886;188.041203;3.324933;,
  130.362355;185.837747;24.429520;,
  140.238323;169.589568;23.607222;,
  136.790746;149.476070;39.227334;,
  140.241715;134.280832;40.779126;,
  143.009165;117.502195;43.289062;,
  124.848691;114.022950;49.116547;,
  143.478694;98.988269;42.050032;,
  127.612467;97.980896;46.308477;,
  166.323878;8.693380;-145.606579;,
  160.754778;17.908272;-146.078067;,
  158.963315;16.022637;-129.726886;,
  162.936064;8.790492;-129.301325;,
  157.171878;14.137000;-113.375693;,
  158.388224;1.196379;-145.152410;,
  159.548262;9.082513;-112.996083;,
  156.969869;15.111704;-99.248640;,
  158.035021;2.096910;-128.892109;,
  151.153562;-0.908025;-144.491200;,
  157.681792;4.280701;-112.635443;,
  159.310336;9.916330;-98.225549;,
  157.083302;16.203331;-85.518266;,
  149.925734;-1.714092;-128.341171;,
  136.266598;-0.796210;-144.184077;,
  159.438464;10.737433;-83.805888;,
  159.127283;18.164805;-71.761510;,
  157.472064;4.980672;-97.253606;,
  148.697907;-0.515030;-112.275264;,
  161.818240;11.593395;-68.958886;,
  159.996531;21.707987;-57.647136;,
  157.543590;5.563635;-82.144531;,
  162.814118;14.455658;-53.887405;,
  158.672115;23.000272;-49.108762;,
  159.659162;5.370478;-66.309120;,
  148.623898;0.051266;-96.282893;,
  148.619802;0.460517;-80.459488;,
  161.129498;16.019104;-41.591235;,
  157.565952;24.354691;-40.732630;,
  159.850739;17.561683;-29.634512;,
  160.509811;7.608547;-50.338051;,
  158.893286;9.512524;-34.630154;,
  157.946522;11.095780;-18.831462;,
  149.374310;-0.791293;-63.645792;,
  149.679078;0.751585;-46.811357;,
  149.104051;3.011348;-29.761421;,
  148.791142;6.789913;-12.504484;,
  137.623334;-2.799708;-62.786643;,
  137.916173;0.528304;-28.808515;,
  138.264960;5.671835;-11.757514;,
  130.843379;8.417233;-14.449462;,
  137.288358;-1.787253;-45.667286;,
  130.028851;5.450942;-31.647206;,
  126.360102;17.065629;-29.250141;,
  128.517222;4.461601;-48.726522;,
