xof 0303txt 0032
template ColorRGBA {
 <35ff44e0-6c7c-11cf-8f52-0040333594a3>
 FLOAT red;
 FLOAT green;
 FLOAT blue;
 FLOAT alpha;
}

template ColorRGB {
 <d3e16e81-7835-11cf-8f52-0040333594a3>
 FLOAT red;
 FLOAT green;
 FLOAT blue;
}

template Material {
 <3d82ab4d-62da-11cf-ab39-0020af71e433>
 ColorRGBA faceColor;
 FLOAT power;
 ColorRGB specularColor;
 ColorRGB emissiveColor;
 [...]
}

template TextureFilename {
 <a42790e1-7810-11cf-8f52-0040333594a3>
 STRING filename;
}

template Frame {
 <3d82ab46-62da-11cf-ab39-0020af71e433>
 [...]
}

template Matrix4x4 {
 <f6f23f45-7686-11cf-8f52-0040333594a3>
 array FLOAT matrix[16];
}

template FrameTransformMatrix {
 <f6f23f41-7686-11cf-8f52-0040333594a3>
 Matrix4x4 frameMatrix;
}

template Vector {
 <3d82ab5e-62da-11cf-ab39-0020af71e433>
 FLOAT x;
 FLOAT y;
 FLOAT z;
}

template MeshFace {
 <3d82ab5f-62da-11cf-ab39-0020af71e433>
 DWORD nFaceVertexIndices;
 array DWORD faceVertexIndices[nFaceVertexIndices];
}

template Mesh {
 <3d82ab44-62da-11cf-ab39-0020af71e433>
 DWORD nVertices;
 array Vector vertices[nVertices];
 DWORD nFaces;
 array MeshFace faces[nFaces];
 [...]
}

template MeshNormals {
 <f6f23f43-7686-11cf-8f52-0040333594a3>
 DWORD nNormals;
 array Vector normals[nNormals];
 DWORD nFaceNormals;
 array MeshFace faceNormals[nFaceNormals];
}

template MeshMaterialList {
 <f6f23f42-7686-11cf-8f52-0040333594a3>
 DWORD nMaterials;
 DWORD nFaceIndexes;
 array DWORD faceIndexes[nFaceIndexes];
 [Material <3d82ab4d-62da-11cf-ab39-0020af71e433>]
}

template Coords2d {
 <f6f23f44-7686-11cf-8f52-0040333594a3>
 FLOAT u;
 FLOAT v;
}

template MeshTextureCoords {
 <f6f23f40-7686-11cf-8f52-0040333594a3>
 DWORD nTextureCoords;
 array Coords2d textureCoords[nTextureCoords];
}

template XSkinMeshHeader {
 <3cf169ce-ff7c-44ab-93c0-f78f62d172e2>
 WORD nMaxSkinWeightsPerVertex;
 WORD nMaxSkinWeightsPerFace;
 WORD nBones;
}

template SkinWeights {
 <6f0d123b-bad2-4167-a0d0-80224f25fabb>
 STRING transformNodeName;
 DWORD nWeights;
 array DWORD vertexIndices[nWeights];
 array FLOAT weights[nWeights];
 Matrix4x4 matrixOffset;
}

template AnimTicksPerSecond {
 <9e415a43-7ba6-4a73-8743-b73d47e88476>
 DWORD AnimTicksPerSecond;
}

template Animation {
 <3d82ab4f-62da-11cf-ab39-0020af71e433>
 [...]
}

template AnimationSet {
 <3d82ab50-62da-11cf-ab39-0020af71e433>
 [Animation <3d82ab4f-62da-11cf-ab39-0020af71e433>]
}

template FloatKeys {
 <10dd46a9-775b-11cf-8f52-0040333594a3>
 DWORD nValues;
 array FLOAT values[nValues];
}

template TimedFloatKeys {
 <f406b180-7b3b-11cf-8f52-0040333594a3>
 DWORD time;
 FloatKeys tfkeys;
}

template AnimationKey {
 <10dd46a8-775b-11cf-8f52-0040333594a3>
 DWORD keyType;
 DWORD nKeys;
 array TimedFloatKeys keys[nKeys];
}


Material CrystalSpider_MT {
 1.0000000;1.000000;1.000000;1.000000;;
 10.000000;
 0.000000;0.000000;0.000000;;
 0.000000;0.000000;0.000000;;

 TextureFilename {
  "CrystalSpider_T.tga";
 }
}

Frame Root {
 

 FrameTransformMatrix {
  1.000000,-0.000000,0.000000,0.000000,-0.000000,-1.000000,0.000000,0.000000,-0.000000,-0.000000,-1.000000,0.000000,0.000000,0.000000,0.000000,1.000000;;
 }

 Frame Hip {
  

  FrameTransformMatrix {
   1.000000,-0.000000,-0.000000,0.000000,-0.000000,-0.984265,0.176700,0.000000,-0.000000,-0.176700,-0.984265,0.000000,-0.000028,-72.636358,10.983112,1.000000;;
  }

  Frame Spine {
   

   FrameTransformMatrix {
    1.000000,-0.000006,-0.000002,0.000000,-0.000006,-0.932568,-0.360994,0.000000,0.000000,0.360994,-0.932568,0.000000,0.000000,0.000000,-0.000011,1.000000;;
   }

   Frame Head {
    

    FrameTransformMatrix {
     -1.000000,0.000474,-0.000119,0.000000,-0.000474,-0.882589,0.470145,0.000000,0.000118,0.470145,0.882589,0.000000,-0.000000,-0.000008,103.786861,1.000000;;
    }

    Frame UpperTooth_L {
     

     FrameTransformMatrix {
      0.833909,0.194250,0.516589,0.000000,0.227345,0.732007,-0.642246,0.000000,-0.502903,0.653018,0.566265,0.000000,-22.066867,15.336349,97.987565,1.000000;;
     }

     Frame UpperTooth_L_001 {
      

      FrameTransformMatrix {
       0.676941,0.406562,-0.613562,0.000000,0.588033,0.202632,0.783044,0.000000,0.442683,-0.890869,-0.101902,0.000000,0.000038,0.000023,37.325606,1.000000;;
      }
     }
    }

    Frame UpperTooth_R {
     

     FrameTransformMatrix {
      0.833911,-0.194238,-0.516589,0.000000,-0.227356,0.732004,-0.642246,0.000000,0.502893,0.653026,0.566265,0.000000,22.066643,15.336654,97.987552,1.000000;;
     }

     Frame UpperTooth_R_001 {
      

      FrameTransformMatrix {
       0.676941,-0.406562,0.613562,0.000000,-0.588033,0.202632,0.783044,0.000000,-0.442683,-0.890869,-0.101902,0.000000,-0.000031,-0.000008,37.325654,1.000000;;
      }
     }
    }

    Frame MiddleTooth_L {
     

     FrameTransformMatrix {
      0.904481,0.125134,0.407745,0.000000,-0.000007,0.955998,-0.293375,0.000000,-0.426514,0.265349,0.864682,0.000000,-6.872405,2.912842,106.921830,1.000000;;
     }

     Frame MiddleTooth_L_001 {
      

      FrameTransformMatrix {
       0.744527,-0.000000,-0.667593,0.000000,-0.000000,1.000000,-0.000000,0.000000,0.667593,0.000000,0.744527,0.000000,0.000008,-0.000004,14.348571,1.000000;;
      }
     }
    }

    Frame MiddleTooth_R {
     

     FrameTransformMatrix {
      0.904483,-0.125121,-0.407745,0.000000,-0.000007,0.955998,-0.293375,0.000000,0.426510,0.265355,0.864683,0.000000,6.872362,2.912933,106.921811,1.000000;;
     }

     Frame MiddleTooth_R_001 {
      

      FrameTransformMatrix {
       0.744527,0.000000,0.667593,0.000000,0.000000,1.000000,-0.000000,0.000000,-0.667593,0.000000,0.744527,0.000000,-0.000015,0.000000,14.348557,1.000000;;
      }
     }
    }

    Frame LowerTooth_L {
     

     FrameTransformMatrix {
      0.970303,-0.048637,0.236955,0.000000,-0.005579,0.974817,0.222936,0.000000,-0.241831,-0.217637,0.945596,0.000000,-5.540753,-16.614608,105.198624,1.000000;;
     }

     Frame LowerTooth_L_001 {
      

      FrameTransformMatrix {
       0.939626,-0.137572,-0.313333,0.000000,-0.206340,0.502683,-0.839484,0.000000,0.272997,0.853454,0.443948,0.000000,0.000015,-0.000015,28.697677,1.000000;;
      }
     }
    }

    Frame LowerTooth_R {
     

     FrameTransformMatrix {
      0.970302,0.048651,-0.236955,0.000000,0.005565,0.974818,0.222936,0.000000,0.241834,-0.217634,0.945596,0.000000,5.540995,-16.614533,105.198611,1.000000;;
     }

     Frame LowerTooth_R_001 {
      

      FrameTransformMatrix {
       0.939626,0.137572,0.313333,0.000000,0.206340,0.502683,-0.839484,0.000000,-0.272997,0.853454,0.443948,0.000000,-0.000015,-0.000031,28.697648,1.000000;;
      }
     }
    }
   }

   Frame Leg1_L {
    

    FrameTransformMatrix {
     -0.763351,0.074545,0.641668,0.000000,-0.450465,-0.773387,-0.446042,0.000000,0.463008,-0.629536,0.623946,0.000000,73.576090,41.291350,83.669626,1.000000;;
    }

    Frame Leg1_L_001 {
     

     FrameTransformMatrix {
      0.914765,0.217246,-0.340603,0.000000,0.403719,-0.522334,0.751118,0.000000,-0.014731,-0.824604,-0.565519,0.000000,0.000176,0.000362,215.964288,1.000000;;
     }
    }
   }

   Frame Leg1_R {
    

    FrameTransformMatrix {
     -0.754194,-0.105181,-0.648173,0.000000,0.476672,-0.766600,-0.430242,0.000000,-0.451636,-0.633452,0.628302,0.000000,-73.575610,41.292243,83.669658,1.000000;;
    }

    Frame Leg1_R_001 {
     

     FrameTransformMatrix {
      0.914916,-0.225740,0.334619,0.000000,-0.403385,-0.541066,0.737922,0.000000,0.014472,-0.810117,-0.586090,0.000000,-0.000194,0.000393,215.964211,1.000000;;
     }
    }
   }

   Frame Leg2_L {
    

    FrameTransformMatrix {
     0.021103,0.204307,0.978679,0.000000,-0.750725,-0.643250,0.150471,0.000000,0.660278,-0.737895,0.139804,0.000000,68.431258,35.751984,56.422502,1.000000;;
    }

    Frame Leg2_L_001 {
     

     FrameTransformMatrix {
      0.998604,0.042176,0.031802,0.000000,0.000643,-0.611722,0.791072,0.000000,0.052819,-0.789947,-0.610895,0.000000,0.000153,0.000484,212.123814,1.000000;;
     }
    }
   }

   Frame Leg2_R {
    

    FrameTransformMatrix {
     0.021100,-0.204307,-0.978679,0.000000,0.750717,-0.643260,0.150471,0.000000,-0.660287,-0.737886,0.139804,0.000000,-68.430797,35.752803,56.422477,1.000000;;
    }

    Frame Leg2_R_001 {
     

     FrameTransformMatrix {
      0.998604,-0.042176,-0.031802,0.000000,-0.000643,-0.611723,0.791072,0.000000,-0.052819,-0.789947,-0.610896,0.000000,-0.000153,0.000412,212.123776,1.000000;;
     }
    }
   }

   Frame Leg3_L {
    

    FrameTransformMatrix {
     0.438936,0.240312,0.865786,0.000000,-0.665468,-0.560492,0.492952,0.000000,0.603728,-0.792527,-0.086100,0.000000,61.053862,29.519402,31.412070,1.000000;;
    }

    Frame Leg3_L_001 {
     

     FrameTransformMatrix {
      0.912180,0.295997,-0.283397,0.000000,0.405388,-0.550711,0.729642,0.000000,0.059902,-0.780451,-0.622340,0.000000,0.000038,0.000452,201.971866,1.000000;;
     }
    }
   }

   Frame Leg3_R {
    

    FrameTransformMatrix {
     0.434009,-0.228327,-0.871494,0.000000,0.667457,-0.568226,0.481270,0.000000,-0.605093,-0.790561,-0.094217,0.000000,-61.053536,29.520134,31.412077,1.000000;;
    }

    Frame Leg3_R_001 {
     

     FrameTransformMatrix {
      0.912688,-0.289370,0.288557,0.000000,-0.404079,-0.533645,0.742929,0.000000,-0.060994,-0.794662,-0.603980,0.000000,-0.000061,0.000448,201.971904,1.000000;;
     }
    }
   }

   Frame Leg4_L {
    

    FrameTransformMatrix {
     0.585511,0.178707,0.790721,0.000000,-0.571382,-0.600948,0.558913,0.000000,0.575064,-0.779054,-0.249752,0.000000,36.844630,22.644845,8.658373,1.000000;;
    }

    Frame Leg4_L_001 {
     

     FrameTransformMatrix {
      0.807416,0.238712,-0.539533,0.000000,0.572085,-0.540314,0.617073,0.000000,-0.144215,-0.806893,-0.572822,0.000000,0.000095,0.000366,194.123469,1.000000;;
     }
    }
   }

   Frame Leg4_R {
    

    FrameTransformMatrix {
     0.564609,-0.122791,-0.816173,0.000000,0.604701,-0.611487,0.510314,0.000000,-0.561741,-0.781669,-0.270999,0.000000,-36.844371,22.645290,8.658373,1.000000;;
    }

    Frame Leg4_R_001 {
     

     FrameTransformMatrix {
      0.802846,-0.213142,0.556784,0.000000,-0.577312,-0.511070,0.636803,0.000000,0.148826,-0.832693,-0.533360,0.000000,-0.000107,0.000359,194.123354,1.000000;;
     }
    }
   }
  }

  Frame Hip_001 {
   

   FrameTransformMatrix {
    1.000000,0.000000,0.000000,0.000000,-0.000000,0.963145,-0.268985,0.000000,-0.000000,0.268985,0.963145,0.000000,-0.000000,0.000000,55.742317,1.000000;;
   }
  }
 }

 Frame Leg1Target_L {
  

  FrameTransformMatrix {
   -1.000000,0.000000,0.000000,0.000000,-0.000000,-1.000000,0.000000,0.000000,0.000000,0.000000,1.000000,0.000000,199.336742,0.350529,248.839731,1.000000;;
  }
 }

 Frame Leg1Target_R {
  

  FrameTransformMatrix {
   -1.000000,0.000000,0.000000,0.000000,-0.000000,-1.000000,0.000000,0.000000,0.000000,0.000000,1.000000,0.000000,-199.336742,0.350684,242.288333,1.000000;;
  }
 }

 Frame Leg1Pole_L {
  

  FrameTransformMatrix {
   -1.000000,0.000000,0.000000,0.000000,-0.000000,-1.000000,0.000000,0.000000,0.000000,0.000000,1.000000,0.000000,268.351002,-211.780237,365.014349,1.000000;;
  }
 }

 Frame Leg1Pole_R {
  

  FrameTransformMatrix {
   -1.000000,0.000000,0.000000,0.000000,-0.000000,-1.000000,0.000000,0.000000,0.000000,0.000000,1.000000,0.000000,-268.351130,-211.780045,365.014349,1.000000;;
  }
 }

 Frame Leg2Target_L {
  

  FrameTransformMatrix {
   -1.000000,0.000000,0.000000,0.000000,-0.000000,-1.000000,0.000000,0.000000,0.000000,0.000000,1.000000,0.000000,248.888038,0.117998,79.878874,1.000000;;
  }
 }

 Frame Leg2Target_R {
  

  FrameTransformMatrix {
   -1.000000,0.000000,0.000000,0.000000,-0.000000,-1.000000,0.000000,0.000000,0.000000,0.000000,1.000000,0.000000,-248.888038,0.118191,79.878874,1.000000;;
  }
 }

 Frame Leg2Pole_L {
  

  FrameTransformMatrix {
   -1.000000,0.000000,0.000000,0.000000,-0.000000,-1.000000,0.000000,0.000000,0.000000,0.000000,1.000000,0.000000,409.021670,-209.692851,71.818925,1.000000;;
  }
 }

 Frame Leg2Pole_R {
  

  FrameTransformMatrix {
   -1.000000,0.000000,0.000000,0.000000,-0.000000,-1.000000,0.000000,0.000000,0.000000,0.000000,1.000000,0.000000,-409.021850,-209.692557,71.818925,1.000000;;
  }
 }

 Frame Leg3Target_L {
  

  FrameTransformMatrix {
   -1.000000,0.000000,0.000000,0.000000,-0.000000,-1.000000,0.000000,0.000000,0.000000,0.000000,1.000000,0.000000,218.294912,0.337377,-19.676024,1.000000;;
  }
 }

 Frame Leg3Target_R {
  

  FrameTransformMatrix {
   -1.000000,0.000000,0.000000,0.000000,-0.000000,-1.000000,0.000000,0.000000,0.000000,0.000000,1.000000,0.000000,-223.033318,0.337549,-19.887589,1.000000;;
  }
 }

 Frame Leg3Pole_L {
  

  FrameTransformMatrix {
   -1.000000,0.000000,0.000000,0.000000,-0.000000,-1.000000,0.000000,0.000000,0.000000,0.000000,1.000000,0.000000,383.154227,-205.094067,-96.723302,1.000000;;
  }
 }

 Frame Leg3Pole_R {
  

  FrameTransformMatrix {
   -1.000000,0.000000,0.000000,0.000000,-0.000000,-1.000000,0.000000,0.000000,0.000000,0.000000,1.000000,0.000000,-383.154381,-205.093811,-96.723302,1.000000;;
  }
 }

 Frame Leg4Target_L {
  

  FrameTransformMatrix {
   -1.000000,0.000000,0.000000,0.000000,-0.000000,-1.000000,0.000000,0.000000,0.000000,0.000000,1.000000,0.000000,157.836186,0.902039,-100.543379,1.000000;;
  }
 }

 Frame Leg4Target_R {
  

  FrameTransformMatrix {
   -1.000000,0.000000,0.000000,0.000000,-0.000000,-1.000000,0.000000,0.000000,0.000000,0.000000,1.000000,0.000000,-169.665114,0.902167,-100.686739,1.000000;;
  }
 }

 Frame Leg4Pole_L {
  

  FrameTransformMatrix {
   -1.000000,0.000000,0.000000,0.000000,-0.000000,-1.000000,0.000000,0.000000,0.000000,0.000000,1.000000,0.000000,300.260480,-195.451891,-182.829030,1.000000;;
  }
 }

 Frame Leg4Pole_R {
  

  FrameTransformMatrix {
   -1.000000,0.000000,0.000000,0.000000,-0.000000,-1.000000,0.000000,0.000000,0.000000,0.000000,1.000000,0.000000,-300.260608,-195.451661,-182.829030,1.000000;;
  }
 }
}

Frame CrystalSpider {
 

 FrameTransformMatrix {
  1.000000,0.000000,0.000000,0.000000,0.000000,1.000000,0.000000,0.000000,0.000000,0.000000,1.000000,0.000000,0.000000,0.000000,0.000000,1.000000;;
 }

 Mesh CrystalSpider {
  4252;
  154.339456;38.402515;-190.405133;,
  159.129318;-0.520278;-195.466266;,
  160.256986;39.007245;-183.253658;,
  9.375585;19.180990;-254.021581;,
  7.976352;23.211424;-258.444339;,
  9.922860;20.888422;-253.202739;,
  13.332312;251.722522;74.831565;,
  11.713804;251.780250;74.269997;,
  11.713804;253.128678;77.989011;,
  26.798466;253.429171;84.133760;,
  26.084062;253.272064;83.194067;,
  24.709469;254.466278;85.875686;,
  37.113702;255.120998;104.284806;,
  36.722266;254.870067;103.151853;,
  35.009270;255.720499;104.580237;,
  37.995805;256.469018;126.402266;,
  37.857837;256.327680;125.158374;,
  35.745603;256.929408;125.454899;,
  35.360208;256.113536;145.963405;,
  35.460518;256.133862;145.248883;,
  33.824442;256.468608;144.560077;,
  32.617360;253.507251;161.785472;,
  33.325229;253.663155;160.603405;,
  29.519526;254.542950;157.125850;,
  24.365990;252.928128;170.800832;,
  25.639880;252.997171;169.908122;,
  21.914880;254.242586;164.305139;,
  -160.256986;39.007245;-183.253658;,
  -163.593754;41.292480;-196.324378;,
  -159.129318;-0.520278;-195.466266;,
  -32.532070;39.247414;-260.925414;,
  -29.310211;38.972397;-259.170330;,
  -28.942813;28.854115;-264.191258;,
  -13.332312;251.722522;74.831565;,
  -11.713804;253.128678;77.989011;,
  -11.713804;251.780250;74.269997;,
  -26.798466;253.429171;84.133760;,
  -24.709469;254.466278;85.875686;,
  -26.084062;253.272064;83.194067;,
  -37.113702;255.120998;104.284806;,
  -35.009270;255.720499;104.580237;,
  -36.722266;254.870067;103.151853;,
  -37.995805;256.469018;126.402266;,
  -35.745603;256.929408;125.454899;,
  -37.857837;256.327680;125.158374;,
  -35.360208;256.113536;145.963405;,
  -33.824442;256.468608;144.560077;,
  -35.460518;256.133862;145.248883;,
  -32.617360;253.507251;161.785472;,
  -29.519526;254.542950;157.125850;,
  -33.325229;253.663155;160.603405;,
  -24.365990;252.928128;170.800832;,
  -21.914880;254.242586;164.305139;,
  -25.639880;252.997171;169.908122;,
  -8.462466;253.041306;174.078131;,
  -8.462466;253.873331;169.733094;,
  -10.088643;253.001242;174.042624;,
  21.392760;34.974438;-219.380864;,
  19.762074;30.827226;-219.349530;,
  11.859361;38.668413;-211.545126;,
  8.969979;31.320051;-211.489587;,
  49.280733;56.701421;-163.228864;,
  41.345376;85.832640;-167.444326;,
  35.096349;98.246080;-158.342899;,
  47.177459;68.751053;-169.453248;,
  39.996154;53.582704;-184.609946;,
  35.074675;76.935802;-186.773299;,
  27.667242;86.440896;-175.494579;,
  39.792762;64.361459;-190.261594;,
  72.712934;18.548594;-101.163699;,
  71.690534;20.443662;-97.110458;,
  67.441766;21.336051;-98.599405;,
  68.464147;19.440989;-102.652634;,
  143.581542;211.935194;-177.748928;,
  139.014746;212.894400;-179.349338;,
  137.915827;214.931302;-174.992717;,
  142.482637;213.972122;-173.392294;,
  64.281830;22.246995;-70.976154;,
  62.013792;23.467859;-73.783712;,
  65.379930;21.707205;-75.708800;,
  67.647974;20.486339;-72.901248;,
  166.790643;210.308570;-73.871002;,
  163.172544;212.200998;-71.801811;,
  165.610355;210.888742;-68.784083;,
  169.228442;208.996314;-70.853293;,
  57.341965;24.178614;-50.835981;,
  61.531309;22.460950;-51.177891;,
  61.804742;21.285488;-47.721283;,
  57.615386;23.003146;-47.379363;,
  138.805990;206.189722;-7.743962;,
  143.271450;204.258304;-8.130226;,
  138.537562;207.495501;-11.446597;,
  143.003046;205.564070;-11.832830;,
  165.552218;145.799283;1.418811;,
  157.733094;142.914266;-28.408285;,
  146.510682;214.428710;-18.667776;,
  151.662259;229.262438;-5.126656;,
  36.100432;29.774349;-24.404347;,
  39.869366;27.949629;-24.399555;,
  39.404144;26.999328;-20.348021;,
  35.635219;28.824035;-20.352805;,
  111.341811;192.211507;28.323434;,
  115.392858;190.250202;28.328544;,
  111.841869;193.232960;23.968611;,
  115.892915;191.271680;23.973747;,
  13.911006;94.873408;-205.547098;,
  18.555187;93.850042;-205.514637;,
  17.322427;94.407226;-208.182374;,
  15.022830;94.913946;-208.198451;,
  18.555187;93.850042;-205.514637;,
  13.911006;94.873408;-205.547098;,
  23.374235;72.994118;-189.317504;,
  0.000000;74.870803;-201.168294;,
  47.885398;29.303491;-203.590285;,
  47.854848;30.402858;-201.837978;,
  46.627738;27.010410;-201.816397;,
  47.192854;27.388886;-203.578112;,
  28.339571;48.246323;-200.749811;,
  8.860126;23.972061;-205.152896;,
  46.627738;27.010410;-201.816397;,
  47.854848;30.402858;-201.837978;,
  27.914883;52.045696;-203.885594;,
  39.106179;63.929766;-224.339149;,
  31.798394;70.251610;-224.195840;,
  18.817189;59.915962;-203.707059;,
  34.238218;58.445338;-230.633114;,
  26.930429;64.767174;-230.489728;,
  39.098227;72.254374;-240.983270;,
  40.808218;70.775072;-241.016730;,
  29.310211;38.972397;-259.170330;,
  28.942813;28.854115;-264.191258;,
  31.314707;37.716272;-258.523290;,
  33.740586;37.083056;-258.136525;,
  3.017184;25.571280;-210.262387;,
  7.184709;19.757574;-204.612582;,
  8.763558;25.375418;-207.349568;,
  1.438362;19.953418;-207.525466;,
  13.956422;8.979754;-232.149427;,
  13.659654;7.923834;-231.634995;,
  12.876322;9.016561;-232.696883;,
  12.579579;7.960646;-232.182477;,
  21.583605;100.107962;-186.948864;,
  18.176162;101.442138;-188.876506;,
  22.940901;87.791667;-183.157453;,
  7.386568;92.246778;-189.276186;,
  22.940901;87.791667;-183.157453;,
  20.527402;80.231981;-190.928602;,
  21.103155;90.167642;-191.442675;,
  21.583605;100.107962;-186.948864;,
  10.234038;110.245440;-172.376627;,
  28.074944;103.118080;-166.913882;,
  21.636122;116.261990;-169.773850;,
  17.974827;117.837965;-170.815706;,
  28.497424;132.990566;-149.613658;,
  22.647861;134.740749;-150.619085;,
  15.107874;122.668160;-154.505920;,
  31.237616;117.402918;-152.712358;,
  22.647861;134.740749;-150.619085;,
  28.497424;132.990566;-149.613658;,
  28.571654;127.068160;-157.327590;,
  22.501531;128.922086;-159.003955;,
  31.237616;117.402918;-152.712358;,
  28.429430;112.736038;-159.718080;,
  28.571654;127.068160;-157.327590;,
  28.497424;132.990566;-149.613658;,
  12.356870;127.285414;-137.455322;,
  12.356870;130.984896;-124.037926;,
  21.502669;137.089446;-126.492838;,
  22.262424;140.584218;-112.724698;,
  12.356870;130.984896;-124.037926;,
  34.048493;123.905971;-123.822976;,
  27.010150;138.860186;-112.651021;,
  22.262424;140.584218;-112.724698;,
  23.333861;135.692160;-81.904518;,
  9.845262;132.277325;-93.247987;,
  36.589098;122.998477;-95.503974;,
  27.836202;134.083533;-82.256525;,
  0.000000;129.608576;-88.523027;,
  42.696448;114.794931;-92.124704;,
  36.589098;122.998477;-95.503974;,
  9.845262;132.277325;-93.247987;,
  32.827370;135.180288;-99.082387;,
  27.836202;134.083533;-82.256525;,
  36.589098;122.998477;-95.503974;,
  37.747536;124.675789;-110.844518;,
  19.314122;130.540160;-48.619526;,
  19.314122;136.224832;-66.879904;,
  9.014071;124.030413;-63.462464;,
  9.014071;129.715085;-81.722842;,
  28.173082;133.092685;-67.835059;,
  26.099682;129.250483;-51.914918;,
  30.844781;116.682125;-68.037280;,
  35.504099;120.524314;-83.957421;,
  9.014071;124.030413;-63.462464;,
  30.844781;116.682125;-68.037280;,
  26.099682;129.250483;-51.914918;,
  19.314122;130.540160;-48.619526;,
  23.374235;72.994118;-189.317504;,
  35.331962;62.319309;-196.438093;,
  28.339571;48.246323;-200.749811;,
  33.431805;71.789920;-192.063104;,
  44.755027;65.435571;-190.800128;,
  49.215824;67.477722;-184.623629;,
  39.792762;64.361459;-190.261594;,
  35.331962;62.319309;-196.438093;,
  58.807808;60.748717;-142.636518;,
  48.548829;98.523802;-148.207731;,
  42.494666;110.541197;-139.885926;,
  57.121798;72.356608;-149.653222;,
  50.768435;88.948896;-161.806336;,
  41.345376;85.832640;-167.444326;,
  47.177459;68.751053;-169.453248;,
  56.600518;71.867315;-163.815283;,
  61.538138;73.345907;-154.837030;,
  66.544851;75.472870;-144.015258;,
  57.121798;72.356608;-149.653222;,
  52.115078;70.229645;-160.475021;,
  44.497738;80.052064;-181.135309;,
  35.074675;76.935802;-186.773299;,
  39.792762;64.361459;-190.261594;,
  49.215824;67.477722;-184.623629;,
  52.783046;70.585011;-172.606349;,
  56.600518;71.867315;-163.815283;,
  47.177459;68.751053;-169.453248;,
  43.359990;67.468755;-178.244339;,
  52.212704;102.346573;-124.294490;,
  60.287322;77.331053;-124.720755;,
  69.710381;80.447322;-119.082778;,
  61.635763;105.462829;-118.656512;,
  52.188893;105.154669;-81.581235;,
  48.345914;101.985658;-68.450387;,
  61.611949;108.270938;-75.943258;,
  57.768973;105.101920;-62.812410;,
  35.331962;62.319309;-196.438093;,
  33.431805;71.789920;-192.063104;,
  44.755027;65.435571;-190.800128;,
  42.854867;74.906176;-186.425139;,
  48.548829;98.523802;-148.207731;,
  57.121798;72.356608;-149.653222;,
  66.544851;75.472870;-144.015258;,
  57.971891;101.640058;-142.569754;,
  63.006189;106.791475;-92.352858;,
  63.890682;108.072128;-104.065606;,
  53.583133;103.675219;-97.990829;,
  54.467616;104.955872;-109.703578;,
  63.006189;106.791475;-92.352858;,
  53.583133;103.675219;-97.990829;,
  62.230950;77.684378;-97.019565;,
  71.654010;80.800634;-91.381594;,
  61.442112;77.344314;-80.541978;,
  52.188893;105.154669;-81.581235;,
  61.611949;108.270938;-75.943258;,
  70.865171;80.460576;-74.904000;,
  17.182928;22.040912;-189.026278;,
  34.943894;42.713395;-190.707507;,
  39.996154;53.582704;-184.609946;,
  23.340670;26.670664;-192.953741;,
  25.742525;16.034760;-167.705037;,
  46.001958;45.645046;-168.568256;,
  49.280733;56.701421;-163.228864;,
  33.564826;24.157579;-170.933363;,
  34.266646;13.407480;-144.978688;,
  55.627718;48.548397;-149.452352;,
  58.807808;60.748717;-142.636518;,
  41.450768;21.200267;-150.805363;,
  41.450768;21.200267;-150.805363;,
  36.526544;22.717998;-163.933939;,
  44.232240;18.622693;-157.419162;,
  49.156461;17.104962;-144.290573;,
  50.476064;17.082610;-79.720365;,
  45.191690;19.460898;-62.726413;,
  37.485997;23.556203;-69.241197;,
  42.770368;21.177915;-86.235155;,
  67.018195;43.046304;-117.818022;,
  46.689590;21.832808;-125.139046;,
  54.395283;17.737501;-118.624256;,
  59.312512;47.141610;-124.332813;,
  57.829811;42.115040;-154.833357;,
  63.333414;44.453091;-142.937562;,
  49.156461;17.104962;-144.290573;,
  44.232240;18.622693;-157.419162;,
  65.105779;42.673629;-130.406221;,
  67.018195;43.046304;-117.818022;,
  54.395283;17.737501;-118.624256;,
  52.781533;18.899494;-131.582426;,
  67.494925;43.687766;-104.375392;,
  66.527130;43.138755;-89.901069;,
  53.583466;18.343011;-92.356058;,
  54.253344;17.138536;-105.221120;,
  64.908896;44.731139;-76.982938;,
  60.687290;43.861328;-59.403667;,
  45.191690;19.460898;-62.726413;,
  50.476064;17.082610;-79.720365;,
  67.018195;43.046304;-117.818022;,
  65.105779;42.673629;-130.406221;,
  59.312512;47.141610;-124.332813;,
  57.400096;46.768938;-136.921011;,
  45.191690;19.460898;-62.726413;,
  60.687290;43.861328;-59.403667;,
  52.981597;47.956634;-65.918451;,
  37.485997;23.556203;-69.241197;,
  63.333414;44.453091;-142.937562;,
  41.450768;21.200267;-150.805363;,
  49.156461;17.104962;-144.290573;,
  55.627718;48.548397;-149.452352;,
  54.253344;17.138536;-105.221120;,
  53.583466;18.343011;-92.356058;,
  45.877776;22.438318;-98.870835;,
  46.547645;21.233843;-111.735910;,
  52.981597;47.956634;-65.918451;,
  64.908896;44.731139;-76.982938;,
  57.203206;48.826451;-83.497722;,
  60.687290;43.861328;-59.403667;,
  66.527130;43.138755;-89.901069;,
  45.877776;22.438318;-98.870835;,
  53.583466;18.343011;-92.356058;,
  58.821434;47.234061;-96.415853;,
  64.908896;44.731139;-76.982938;,
  50.476064;17.082610;-79.720365;,
  42.770368;21.177915;-86.235155;,
  57.203206;48.826451;-83.497722;,
  33.564826;24.157579;-170.933363;,
  29.042106;27.331114;-182.199091;,
  36.747798;23.235808;-175.684314;,
  41.270522;20.062274;-164.418573;,
  57.829811;42.115040;-154.833357;,
  50.124115;46.210346;-161.348147;,
  55.627718;48.548397;-149.452352;,
  63.333414;44.453091;-142.937562;,
  41.270522;20.062274;-164.418573;,
  53.707648;41.549741;-162.053453;,
  46.001958;45.645046;-168.568256;,
  33.564826;24.157579;-170.933363;,
  52.781533;18.899494;-131.582426;,
  54.395283;17.737501;-118.624256;,
  46.689590;21.832808;-125.139046;,
  45.075843;22.994803;-138.097216;,
  66.527130;43.138755;-89.901069;,
  67.494925;43.687766;-104.375392;,
  58.821434;47.234061;-96.415853;,
  59.789235;47.783078;-110.890176;,
  48.801862;39.901872;-173.350797;,
  41.096163;43.997181;-179.865587;,
  46.001958;45.645046;-168.568256;,
  53.707648;41.549741;-162.053453;,
  35.185894;166.346995;3.004031;,
  39.166691;138.789888;-4.617862;,
  37.025194;164.819942;-32.388768;,
  36.094605;171.261952;-30.607002;,
  9.915686;212.545024;45.826906;,
  22.925536;212.081203;50.340918;,
  24.500530;231.340954;19.894739;,
  20.504534;231.483418;18.508251;,
  26.577326;225.650074;13.689984;,
  20.504534;225.401830;12.926687;,
  20.504534;231.483418;18.508251;,
  24.500530;231.340954;19.894739;,
  22.925536;212.081203;50.340918;,
  29.687008;193.553280;30.139968;,
  26.577326;225.650074;13.689984;,
  24.500530;231.340954;19.894739;,
  5.805801;236.093466;96.748301;,
  16.308592;226.968781;76.259059;,
  11.713804;253.128678;77.989011;,
  13.332312;251.722522;74.831565;,
  11.713804;251.780250;74.269997;,
  13.332312;251.722522;74.831565;,
  16.308592;226.968781;76.259059;,
  5.805801;227.343232;72.614906;,
  67.444589;174.425510;33.194093;,
  76.502771;152.084173;26.824440;,
  77.561696;167.591091;7.955862;,
  76.086106;171.230566;8.993491;,
  56.706272;233.083699;41.513120;,
  55.448474;232.807040;39.858672;,
  35.832608;216.564582;61.245165;,
  43.339789;218.215757;71.119750;,
  55.448474;232.807040;39.858672;,
  59.030374;229.747354;38.025613;,
  56.706272;229.360435;36.100810;,
  56.706272;233.083699;41.513120;,
  43.339789;218.215757;71.119750;,
  57.211251;198.302784;50.304515;,
  59.030374;229.747354;38.025613;,
  56.706272;233.083699;41.513120;,
  26.798466;253.429171;84.133760;,
  24.709469;254.466278;85.875686;,
  11.250542;237.514778;104.283578;,
  28.811936;228.796288;89.639949;,
  26.084062;253.272064;83.194067;,
  26.798466;253.429171;84.133760;,
  28.811936;228.796288;89.639949;,
  22.806219;227.475379;81.740320;,
  78.010867;107.142093;19.424221;,
  74.999904;104.787443;17.002882;,
  67.180909;107.887258;17.133293;,
  78.705907;116.900083;26.401395;,
  67.822182;55.056224;22.177955;,
  81.784006;71.873651;31.578787;,
  92.641050;47.558630;16.875107;,
  91.119942;45.726416;15.850910;,
  36.722266;254.870067;103.151853;,
  37.113702;255.120998;104.284806;,
  38.874992;231.875942;110.425382;,
  34.652800;229.169306;98.204704;,
  35.745603;256.929408;125.454899;,
  37.857837;256.327680;125.158374;,
  40.116470;233.668557;120.188723;,
  18.675323;239.776691;123.198771;,
  37.857837;256.327680;125.158374;,
  37.995805;256.469018;126.402266;,
  41.516912;235.103514;132.815373;,
  40.116470;233.668557;120.188723;,
  40.531875;235.718835;142.876749;,
  19.136438;240.096154;133.869030;,
  33.824442;256.468608;144.560077;,
  35.460518;256.133862;145.248883;,
  35.460518;256.133862;145.248883;,
  35.360208;256.113536;145.963405;,
  40.531875;235.718835;142.876749;,
  39.220099;235.453286;152.220966;,
  19.720720;239.298125;143.982784;,
  33.325229;253.663155;160.603405;,
  37.648726;235.153587;160.364954;,
  29.519526;254.542950;157.125850;,
  33.325229;253.663155;160.603405;,
  32.617360;253.507251;161.785472;,
  37.648726;235.153587;160.364954;,
  34.314051;234.418995;165.933427;,
  21.914880;254.242586;164.305139;,
  25.639880;252.997171;169.908122;,
  28.867888;235.281485;171.098906;,
  15.342718;239.803494;150.754944;,
  26.553989;225.375923;191.136678;,
  15.342718;239.803494;150.754944;,
  0.000000;239.616154;120.766093;,
  24.242496;235.030758;174.340211;,
  24.365990;252.928128;170.800832;,
  21.914880;254.242586;164.305139;,
  24.242496;235.030758;174.340211;,
  15.342718;239.803494;150.754944;,
  25.639880;252.997171;169.908122;,
  24.365990;252.928128;170.800832;,
  24.242496;235.030758;174.340211;,
  28.867888;235.281485;171.098906;,
  72.474221;235.968205;71.797133;,
  74.752538;234.736358;71.649926;,
  73.839974;234.007603;69.747712;,
  72.968102;236.284800;73.226611;,
  55.700397;224.660634;98.810176;,
  74.556762;208.298099;82.149210;,
  74.752538;234.736358;71.649926;,
  72.968102;236.284800;73.226611;,
  73.839974;234.007603;69.747712;,
  74.752538;234.736358;71.649926;,
  74.556762;208.298099;82.149210;,
  64.913574;200.597402;62.048339;,
  84.941920;238.053197;113.096320;,
  82.359507;240.294093;115.378074;,
  85.405664;238.956493;117.245158;,
  82.610483;240.551245;117.640947;,
  84.941920;238.053197;113.096320;,
  85.405664;238.956493;117.245158;,
  82.773133;216.675174;129.923392;,
  79.708013;210.704922;102.502042;,
  64.298669;227.215437;132.539264;,
  82.773133;216.675174;129.923392;,
  82.610483;240.551245;117.640947;,
  85.405664;238.956493;117.245158;,
  64.074086;228.830259;151.295066;,
  62.478707;228.507290;162.659443;,
  81.973088;244.339661;159.303654;,
  81.732570;244.290944;161.016986;,
  81.732570;244.290944;161.016986;,
  84.207405;242.798259;162.435712;,
  84.651834;242.811341;158.924352;,
  81.973088;244.339661;159.303654;,
  84.651834;242.811341;158.924352;,
  81.841939;218.693171;148.779238;,
  64.074086;228.830259;151.295066;,
  81.973088;244.339661;159.303654;,
  84.651834;242.811341;158.924352;,
  84.207405;242.798259;162.435712;,
  78.894067;218.606285;172.069760;,
  81.841939;218.693171;148.779238;,
  70.421862;239.551770;194.903296;,
  69.038400;239.359949;197.207987;,
  75.101363;217.677850;188.330957;,
  65.233331;216.309760;204.769971;,
  70.421862;239.551770;194.903296;,
  67.716614;241.183411;193.352474;,
  66.967885;241.018522;194.602752;,
  69.038400;239.359949;197.207987;,
  67.716614;241.183411;193.352474;,
  55.805299;229.316352;177.269235;,
  50.464755;228.139930;186.187251;,
  66.967885;241.018522;194.602752;,
  55.805299;229.316352;177.269235;,
  70.421862;239.551770;194.903296;,
  75.101363;217.677850;188.330957;,
  67.716614;241.183411;193.352474;,
  59.300230;214.552922;213.391910;,
  47.947699;233.830016;216.731213;,
  43.138608;211.912192;224.490163;,
  49.836518;234.138624;215.434163;,
  14.564675;230.562688;227.154048;,
  14.564675;233.170278;223.018445;,
  5.120317;225.586355;202.234496;,
  5.120317;207.348070;231.159834;,
  122.837683;201.028685;100.565261;,
  109.307392;177.679398;88.513178;,
  97.054259;196.982272;94.327616;,
  121.279616;203.483187;101.304602;,
  100.347437;203.396762;123.789210;,
  113.610138;184.084122;123.128115;,
  121.698368;204.298842;105.050848;,
  123.384806;201.843110;104.966784;,
  82.893594;140.950451;36.869584;,
  105.155776;161.511309;73.803731;,
  107.614707;143.932634;58.711667;,
  98.757459;135.752269;44.017021;,
  141.643661;159.676314;174.913126;,
  117.385050;166.092518;186.595328;,
  121.727002;143.259366;190.414016;,
  142.032589;157.630963;175.255206;,
  114.988890;142.865549;217.440666;,
  110.220851;167.939315;213.247232;,
  123.989786;158.803725;236.093184;,
  123.324493;162.302310;235.508045;,
  12.550154;159.672064;281.953178;,
  30.537926;159.012173;302.013568;,
  39.142147;162.039885;277.297613;,
  27.647264;158.754778;302.519629;,
  122.703104;91.904166;134.767475;,
  118.155469;84.580442;101.922643;,
  149.669491;94.504218;114.935168;,
  149.045734;93.499686;110.430144;,
  152.482394;101.537030;179.305370;,
  151.908416;101.747270;183.376614;,
  123.618637;96.164301;163.328640;,
  119.454810;97.689466;192.863475;,
  113.264064;86.059667;60.610080;,
  110.549338;83.548186;56.300166;,
  95.280038;92.489914;47.906314;,
  109.794150;105.917299;70.948794;,
  152.482394;104.855482;183.408294;,
  151.908416;101.747270;183.376614;,
  152.482394;101.537030;179.305370;,
  153.103654;104.710016;178.707712;,
  119.454810;97.689466;192.863475;,
  151.908416;101.747270;183.376614;,
  152.482394;104.855482;183.408294;,
  123.618637;120.238042;193.093414;,
  130.447603;107.096045;248.267469;,
  129.983181;103.628397;248.342733;,
  131.711130;103.806950;244.886835;,
  132.317914;107.092845;244.920320;,
  132.317914;107.092845;244.920320;,
  131.711130;103.806950;244.886835;,
  107.909965;98.101446;219.719066;,
  112.304256;121.897894;219.961728;,
  131.711130;103.806950;244.886835;,
  129.983181;103.628397;248.342733;,
  107.909965;98.101446;219.719066;,
  95.396141;96.808294;244.746701;,
  83.533971;118.855616;262.844237;,
  66.071546;115.308506;278.422144;,
  91.909754;106.294157;291.720090;,
  94.066688;106.732282;289.795917;,
  80.636774;97.222579;263.313536;,
  83.533971;118.855616;262.844237;,
  94.066688;106.732282;289.795917;,
  93.708838;104.060198;289.853901;,
  19.716794;109.663411;303.723750;,
  38.441338;105.000288;319.831757;,
  44.902480;112.497075;297.294106;,
  35.239555;104.640051;320.649114;,
  92.756819;37.026675;99.431264;,
  84.769082;31.804381;84.152154;,
  104.480960;30.524499;82.143872;,
  105.961402;31.492400;84.975706;,
  92.756819;46.113002;70.171942;,
  103.193306;54.364877;88.015360;,
  107.895706;34.705872;82.859878;,
  105.961402;33.176464;79.552774;,
  109.012198;65.156602;107.924211;,
  113.587008;72.524077;140.965222;,
  124.948954;49.206931;131.721280;,
  124.078349;47.804867;125.433421;,
  99.485632;50.932458;145.355622;,
  95.984224;43.513133;122.174810;,
  121.599053;43.686016;128.145382;,
  122.265382;45.097946;132.556813;,
  82.893600;51.364378;198.476826;,
  114.125645;73.994560;196.377613;,
  105.155776;90.197664;205.256666;,
  100.696646;50.569533;192.287872;,
  135.082317;48.444045;181.363674;,
  134.398682;48.694461;186.212890;,
  132.451814;45.298432;185.619981;,
  132.975053;45.217459;182.019763;,
  132.451814;45.298432;185.619981;,
  134.398682;48.694461;186.212890;,
  100.696646;50.569533;192.287872;,
  114.125645;73.994560;196.377613;,
  120.084800;50.956781;232.291738;,
  117.165542;50.655104;238.130253;,
  114.931226;45.408093;236.154726;,
  117.165530;45.864531;231.402701;,
  82.070310;49.796387;231.753421;,
  117.165542;50.655104;238.130253;,
  92.613952;74.556954;241.075866;,
  114.931226;45.408093;236.154726;,
  106.389875;75.980531;213.524058;,
  92.613952;74.556954;241.075866;,
  120.084800;50.956781;232.291738;,
  117.165542;50.655104;238.130253;,
  81.813120;44.285098;276.424755;,
  79.469472;43.684173;278.987571;,
  54.965779;46.087021;265.265613;,
  69.580602;49.834355;249.283994;,
  80.316960;47.196698;280.999706;,
  79.469472;43.684173;278.987571;,
  83.379072;47.962611;277.809357;,
  81.813120;44.285098;276.424755;,
  83.379072;47.962611;277.809357;,
  81.813120;44.285098;276.424755;,
  69.580602;49.834355;249.283994;,
  79.345914;72.767104;257.918234;,
  -49.575917;225.493069;113.806310;,
  -40.116470;233.668557;120.188723;,
  -18.675323;239.776691;123.198771;,
  0.000000;239.616154;120.766093;,
  -40.354618;219.581747;87.116250;,
  -34.652800;229.169306;98.204704;,
  -16.175491;238.342528;113.612083;,
  0.000000;239.616154;120.766093;,
  -26.553979;216.546406;68.963571;,
  -22.806219;227.475379;81.740320;,
  0.000000;239.616154;120.766093;,
  -11.250542;237.514778;104.283578;,
  0.000000;217.493120;59.750150;,
  -5.805801;236.093466;96.748301;,
  0.000000;239.616154;120.766093;,
  -5.805801;227.343232;72.614906;,
  -62.230950;77.684378;-97.019565;,
  -60.778861;60.448653;-90.093805;,
  -42.696448;114.794931;-92.124704;,
  -53.583133;103.675219;-97.990829;,
  -35.074675;76.935802;-186.773299;,
  -39.792762;64.361459;-190.261594;,
  -39.996154;53.582704;-184.609946;,
  -27.667242;86.440896;-175.494579;,
  -67.647974;20.486339;-72.901248;,
  -104.017114;46.306582;-69.952890;,
  -88.188403;54.827040;-89.546970;,
  -65.379930;21.707205;-75.708800;,
  -174.742490;225.565133;-72.227974;,
  -180.897165;233.808102;-71.404442;,
  -168.355123;222.721050;-61.229453;,
  -170.906253;223.220454;-81.896461;,
  -175.550746;143.005670;-73.619187;,
  -174.742490;225.565133;-72.227974;,
  -168.355123;222.721050;-61.229453;,
  -167.115827;139.498918;-52.054592;,
  -143.271450;204.258304;-8.130226;,
  -135.325274;167.539674;-27.554470;,
  -136.611251;161.283648;-9.815043;,
  -143.003046;205.564070;-11.832830;,
  -151.662259;229.262438;-5.126656;,
  -145.163904;221.035469;-7.902120;,
  -146.510682;214.428710;-18.667776;,
  -136.159654;213.929280;-0.598756;,
  -115.892915;191.271680;23.973747;,
  -89.109555;165.810854;6.108765;,
  -106.107923;156.111949;7.941966;,
  -111.841869;193.232960;23.968611;,
  -23.374235;72.994118;-189.317504;,
  -17.324918;73.441946;-217.241267;,
  -10.306070;61.221075;-220.303898;,
  -8.987008;46.873066;-211.610854;,
  0.000000;50.963782;-211.643878;,
  -5.856092;63.246618;-220.320256;,
  0.000000;74.870803;-201.168294;,
  -5.212710;76.110899;-217.325952;,
  -23.374235;72.994118;-189.317504;,
  0.000000;74.870803;-201.168294;,
  -13.911006;94.873408;-205.547098;,
  -18.555187;93.850042;-205.514637;,
  -17.324918;73.441946;-217.241267;,
  -23.374235;72.994118;-189.317504;,
  -18.555187;93.850042;-205.514637;,
  -17.322427;94.407226;-208.182374;,
  -21.392760;34.974438;-219.380864;,
  -28.339571;48.246323;-200.749811;,
  -11.859361;38.668413;-211.545126;,
  -34.958262;39.805171;-216.136269;,
  -28.339571;48.246323;-200.749811;,
  -47.854848;30.402858;-201.837978;,
  -46.627738;27.010410;-201.816397;,
  -8.860126;23.972061;-205.152896;,
  -18.817189;59.915962;-203.707059;,
  -27.914883;52.045696;-203.885594;,
  -21.854563;45.217926;-211.721101;,
  -12.756911;53.088234;-211.542669;,
  -40.808218;70.775072;-241.016730;,
  -40.237315;73.537690;-239.510477;,
  -39.098227;72.254374;-240.983270;,
  -41.947299;72.058400;-239.544013;,
  -3.017184;25.571280;-210.262387;,
  -8.763558;25.375418;-207.349568;,
  -7.184709;19.757574;-204.612582;,
  -1.438362;19.953418;-207.525466;,
  -18.176162;101.442138;-188.876506;,
  -21.583605;100.107962;-186.948864;,
  -22.940901;87.791667;-183.157453;,
  -7.386568;92.246778;-189.276186;,
  -12.356870;130.984896;-124.037926;,
